3.503409665265961405e-05,-1.492123746381403553e-04,-1.950117159528968558e-04,-2.945819262673478474e-04,-3.768974212081049142e-04,-4.778054885328710411e-04,-2.153217748098531928e-04,1.007726480800244908e-05,-1.435364477967861316e-04,-2.534337800532956227e-04,-4.929808794315148745e-04,-6.194038576512879120e-04,-4.712469027473373132e-04,-3.525884461451477686e-04,-2.347748513808361505e-05,9.601190283236720217e-05,4.379421858941379116e-06,-1.219652775937940634e-04,-7.297127954804432986e-05,1.039045297126768797e-04,1.230347312237896904e-04,-5.106554108023720956e-04,-6.106610409377757117e-04,-4.114276407630005641e-04,-9.435376366921621163e-05,6.560515134657961646e-05,3.253431353421222804e-05,-1.368417234443303069e-04,7.756101931872625018e-05,3.161736199135338054e-04,1.149759887698336179e-04,-1.130264350735946490e-04,-3.683895570380694246e-04,-4.842652522564391522e-04,-2.384174444199508094e-04,-6.696643624347047431e-05,1.746221939497592844e-04,4.486276495516507471e-04,2.439989083830896048e-04,4.771833668641016263e-05,-3.611530899625608142e-05,-7.210245589592881841e-05,1.807442894196218026e-04,1.246109067209703479e-04,1.066796512582947424e-04,8.935582505813513489e-05,7.382800200517433188e-05,4.969250550593310399e-05,4.508524469817269399e-05,1.118489787962601110e-04,1.160916462655594699e-04,3.279150879273466716e-05,8.021264884861500121e-06,1.671399390602178579e-05,8.186392618965038394e-06,5.217953272910921510e-05,-3.991682983344815295e-06,-1.705695853993172367e-04,-4.768116678152937592e-05,1.426817036797407769e-04,-1.774380483552486832e-05,-8.868610423470364322e-05,1.541859694644165022e-04,1.993506938747730353e-04,1.743839058961651708e-04,1.455118406576771202e-04,1.727915452840247403e-04,4.019597184396438410e-04,4.685604723577445796e-04,1.524342094519308812e-04,-4.461225673673897054e-05,2.958133015551204012e-05,-1.677580044282056071e-05,-1.057175662538302474e-04,1.697341343030758540e-05,9.730870911839538905e-05,1.545600756056600086e-04,3.581949021886242834e-05,2.401618653269690693e-05,1.259129568528439983e-04
-1.492123746381403553e-04,6.377199756353803435e-04,8.085051833438459089e-04,1.240225132164090400e-03,1.552681590485025876e-03,1.975477020777855353e-03,8.121617128577576783e-04,-1.144645403055497115e-04,6.077226693876290869e-04,1.015856703656877000e-03,2.051896381279928305e-03,2.571669566652446705e-03,1.917766564831145182e-03,1.451381578095857494e-03,7.515373286903569800e-05,-4.604633101603573440e-04,-8.925772210469979555e-05,4.981146829609102867e-04,2.920705503257890225e-04,-4.757313947169121665e-04,-5.240862267476528768e-04,2.175800748769747897e-03,2.600318878493165699e-03,1.719075437798232159e-03,3.285638196177788437e-04,-3.724881754456754322e-04,-1.582814694448046418e-04,5.446628443073992876e-04,-3.764490117675766052e-04,-1.380638565655206056e-03,-5.298060317562867981e-04,4.706506013920391156e-04,1.526833610787660042e-03,2.015314984493586301e-03,1.020463878383522918e-03,3.093299381022989185e-04,-7.468614549407800660e-04,-1.983471788143968163e-03,-1.047212945443684335e-03,-2.099054624145270831e-04,1.650436163099006006e-04,2.970661434262624758e-04,-8.310171091327593369e-04,-5.674887666451933991e-04,-4.829315345912922695e-04,-3.954621805947165520e-04,-3.296795393068214087e-04,-2.412563218926678979e-04,-2.279214915082358468e-04,-5.135082997134275554e-04,-5.341447839223912621e-04,-1.833161630059509592e-04,-5.895010326434012938e-05,-7.562637543833967534e-05,-2.346468700188768773e-05,-2.263122878708919436e-04,4.742201674914989584e-06,7.559517483523382547e-04,2.087709734288029724e-04,-6.134842993216536953e-04,9.193179204140042705e-05,3.049933934947860565e-04,-7.885887749984003131e-04,-9.599237640789718643e-04,-8.072469251047632638e-04,-6.529953843587702530e-04,-7.093331967563448661e-04,-1.666035185952925973e-03,-1.922278611643876743e-03,-5.249128084461600514e-04,2.954729569762869169e-04,-5.565646144737133188e-05,7.488624062670595316e-05,4.316553189600535459e-04,-5.576974855023647212e-05,-3.688248893735236842e-04,-6.126564573960057792e-04,-9.417574986848837411e-05,-5.604957565684317569e-05,-5.068397451581566722e-04
-1.950117159528968558e-04,8.085051833438459089e-04,1.866045688912264244e-03,3.158565588052495484e-03,4.237442746059492081e-03,4.151002063330348768e-03,2.445158747634664041e-03,-3.655690645437566200e-04,-5.822840466308913925e-04,1.381687326801729924e-03,2.536600771400547138e-03,4.364933296615003920e-03,3.781819926109876353e-03,2.583972601198675830e-03,9.144077809424445025e-04,3.993699257124333078e-04,1.029119290067430142e-03,1.141826391663173113e-03,1.149379355401624215e-03,3.224996319946312330e-04,-8.422960471764454494e-04,3.483677264330432236e-03,4.495253807149521968e-03,3.519584436778041333e-03,2.093572894224533538e-03,4.995240670670092779e-04,-2.881501624265741276e-04,1.142878921010406345e-03,4.065961837629598267e-04,-2.697923557743019812e-03,-2.922636020485987630e-03,-8.669782504084559260e-04,1.685261456588547533e-03,2.803006554162716397e-03,2.025526764813492201e-03,4.824210558455682631e-04,-1.424489360549677274e-03,-2.371424861770849140e-03,-1.498881537501029881e-03,-8.078288469743264127e-04,-6.724621029662158759e-05,5.489042190656814087e-04,6.388006399440540432e-04,4.798927193792909378e-04,4.300667506585359261e-04,1.894771868299047527e-04,1.187793909041438075e-04,4.042756669974759695e-04,4.808221234411182740e-04,3.269242020694021478e-04,3.762728206428400646e-04,7.556808956722295282e-04,5.163262398831701882e-04,1.458040738516211095e-04,-6.123830381586994887e-05,-1.805466494696474577e-05,3.186412347773292923e-04,5.018573088326331623e-04,-2.599293845125836633e-04,-9.461989835918755733e-04,-3.070142807605699968e-04,2.012559335820445373e-03,2.792851666300782618e-03,2.171519008661256401e-03,1.175278386159001780e-03,5.151879341426791837e-04,-9.316450013543792165e-04,-2.258064578508006421e-03,-3.292207837075851028e-03,-2.764389642315673214e-03,-1.259172510115607333e-03,-8.718137216836739038e-04,4.583584683728776101e-04,1.138250505177838736e-03,7.677817553873090596e-05,-8.243049346927045157e-04,-1.193023494954184496e-03,-7.937453775936905787e-04,-7.643195483607103128e-04,-9.704266384273475907e-04
-2.945819262673478474e-04,1.240225132164090400e-03,3.158565588052495484e-03,6.371190851323768091e-03,7.722102013865817134e-03,6.686657411921963050e-03,2.531177372734752691e-03,-3.142488769284153445e-03,-2.470076299868757732e-03,2.973803988577372864e-04,2.246640347347221567e-03,6.102483996132522515e-03,4.740435740106968207e-03,3.273040793507451651e-03,1.694375832056322414e-03,2.176700700863229974e-04,7.645480312844382415e-04,2.218358301431357874e-03,2.732504690424774826e-03,1.002790452774002684e-03,-1.485463417460702309e-03,6.102674752217943088e-03,8.086920063951532484e-03,5.585518278439150462e-03,2.675588871477760627e-03,-1.123146152754199694e-03,-1.337877510324388770e-03,1.111284298792703396e-03,1.871185045041367156e-04,-6.712974031142132300e-03,-9.159568971710517482e-03,-3.905853055686410273e-03,8.213376568010605878e-04,3.023378160570435597e-03,4.412530904752486050e-03,2.355344551151326501e-03,-2.955109899537418979e-03,-6.516963624433075308e-03,-2.607501100907982840e-03,-2.022322611895816576e-03,-8.168966497168899689e-05,4.730121096761336031e-04,9.967088464966119676e-04,9.512100166462038060e-04,1.057028576539209824e-03,7.971801673251953466e-04,5.681187127669500058e-04,7.677059854230878925e-04,5.901454826845658553e-04,5.058774163976926478e-04,5.591760777466133880e-04,9.034395782772885975e-04,6.521145144589357090e-04,3.314451322913127603e-04,2.121914533125186548e-04,2.077777568999392090e-04,4.431853236691207136e-04,9.923542744115999761e-04,-9.519989596902420038e-04,-1.802676926052324902e-03,-4.465539840610873151e-04,2.629486914117885009e-03,4.650226165949991088e-03,3.973733002730931059e-03,2.432379282283512242e-03,1.460344339176212645e-03,-5.337554666229551341e-04,-1.505649544230143987e-03,-2.968869685976323770e-03,-2.497727074799978211e-03,-2.743780879599661145e-04,1.311529718720259386e-04,1.290067857723734262e-03,1.905462323450647470e-03,1.048521143033189201e-03,1.827070036065210173e-05,-5.131725520424163358e-04,5.768636025418070399e-05,-3.670883949627785263e-04,-7.330566583917970782e-04
-3.768974212081049142e-04,1.552681590485025876e-03,4.237442746059492081e-03,7.722102013865817134e-03,1.036538307158136121e-02,9.867341353945485727e-03,5.865919823312564646e-03,-2.466845851587826360e-03,-2.470057171122222624e-03,2.125499334331786092e-03,4.538224810642873565e-03,9.788839267882050443e-03,8.466052049738957697e-03,5.573971582411045220e-03,2.385770629196524908e-03,1.001647043946989534e-03,2.216000938786640093e-03,3.733293692326458690e-03,4.198147172002594622e-03,1.824377700073308425e-03,-1.805106664180751311e-03,7.430260031412245364e-03,9.900703839901180137e-03,7.211004446857808593e-03,4.219971021416346439e-03,3.526022847547743218e-04,-1.430425142091364859e-03,2.566870444155258755e-03,8.954241914395814428e-04,-7.848260683437644283e-03,-1.052925086528205302e-02,-4.281074004650863192e-03,2.787747266526699290e-03,5.580598210477309175e-03,5.928278623991913195e-03,3.222269251439793727e-03,-3.630505468740404581e-03,-7.835773905314437002e-03,-2.935215856797535831e-03,-1.819839272694814825e-03,-2.304283736410483281e-04,6.021634548146184360e-04,1.793390671007517737e-03,1.368842152359506193e-03,1.455143107887920924e-03,1.040365618066324375e-03,9.036835973333882249e-04,1.510837995625511840e-03,1.374372937413849242e-03,1.011383710036690932e-03,1.035694143039388908e-03,1.704556378149210379e-03,1.079770519723953406e-03,3.073489541500542535e-04,-1.221625645487025864e-04,1.572689639984836717e-04,6.171256554482145275e-04,5.589957871613495137e-04,-1.201264113978000279e-03,-2.095524500888395949e-03,-7.470620877931093140e-04,4.576176645034373512e-03,7.341471218475637342e-03,6.290962813242656146e-03,3.640923159812147793e-03,2.071667754653313490e-03,-1.540574963186723371e-03,-3.043886351372291927e-03,-5.103456663686334327e-03,-5.253842514557948221e-03,-2.009841829636563933e-03,-1.106881392178802551e-03,1.546527654891799225e-03,3.058053064213808996e-03,1.349741950269433242e-03,-6.209455625135383789e-04,-1.202691586336187158e-03,-7.589579212160745512e-04,-1.057036825403074795e-03,-1.276342483569549392e-03
-4.778054885328710411e-04,1.975477020777855353e-03,4.151002063330348768e-03,6.686657411921963050e-03,9.867341353945485727e-03,1.164907337274238147e-02,9.042811191574023563e-03,5.201186217819928331e-04,2.148233953714879900e-03,5.802561191823481929e-03,8.667996192521837742e-03,1.349545904601551563e-02,1.151404723865011824e-02,7.479716741610183822e-03,1.999280294006046919e-03,4.404150580334910349e-04,2.491605240202632559e-03,6.092931206956048867e-03,5.898400083259572671e-03,2.204109209037017399e-03,-1.930574282750501403e-03,7.993049277529628086e-03,9.542231524828789779e-03,6.165573878769016469e-03,2.811793440165575361e-03,7.910153799979257596e-04,-1.263042664854104090e-03,3.589843533126441978e-03,4.053051599494413292e-05,-7.533946877106021192e-03,-7.275247717364815431e-03,-1.934874515466983389e-03,6.062800453935482219e-03,8.739428778486579494e-03,6.280832594521522372e-03,5.303137188144587018e-03,-3.959991707848374044e-03,-1.058588693615442056e-02,-2.910139950093307802e-03,-5.066792766721542676e-04,1.758999497742333321e-04,-4.868122897291626724e-05,-9.408349228570921617e-04,-7.951379580230326632e-04,-1.222678500746692801e-04,2.050862011315660136e-04,7.926075311543579870e-04,1.657287030719655245e-03,9.558790479869867535e-04,-3.415330355323090671e-04,-5.043642946776261430e-04,7.191026759252502334e-04,4.145537098811129988e-04,-2.704531182071742267e-04,-5.168067588550154723e-04,-3.871130420908590287e-04,3.338340252559264488e-04,8.758703169485525285e-04,-3.845789601706705143e-04,-2.095308918128747661e-03,-2.480889243167124034e-04,3.586106602136610467e-03,2.794189714656732104e-03,2.024580746120469878e-03,4.106302256961058919e-04,-3.583448200891966483e-05,-2.864226743732841904e-03,-3.680863100003876637e-03,-5.182063614101849007e-03,-4.586254869824525453e-03,-9.100511396879536327e-04,-1.252963952549841905e-03,8.060253530563656456e-04,3.012151455583169952e-03,1.086468035647051873e-03,-1.035826909053713706e-03,-1.419068731413111826e-03,-7.044432362701052780e-04,-7.298722155446476763e-04,-1.488458722041064537e-03
-2.153217748098531928e-04,8.121617128577576783e-04,2.445158747634664041e-03,2.531177372734752691e-03,5.865919823312564646e-03,9.042811191574023563e-03,1.289883212160123672e-02,9.255391351580695078e-03,8.503681937316020720e-03,1.035290336055597234e-02,9.746344242443706271e-03,1.166524064236945137e-02,1.112027596855939826e-02,6.443346687448601486e-03,2.096230531828847596e-03,2.763636430902565236e-03,5.411837293605311142e-03,7.358306697068868127e-03,6.527874083538402240e-03,4.814633649154601187e-03,-7.634224634679522047e-04,3.261962665799888507e-03,1.677567175186941810e-03,1.328701273435634869e-03,2.770037589649177508e-03,5.574588260585062321e-03,9.469408825314073932e-04,3.375845728069029258e-03,1.324802387059249810e-03,-4.791287095137522728e-04,3.617389121711931700e-03,1.597687945037306635e-03,6.324981334240340619e-03,7.421018168523170824e-03,1.269032697575190336e-03,4.287108012232475861e-03,-2.124009345871572755e-03,-3.240519056266182984e-03,-2.222965591747302016e-04,9.686499259723424515e-04,-1.650309308880911291e-05,-1.073804949371226850e-03,-5.277196624046188479e-04,-9.295970950238141182e-04,-1.253128702105900349e-05,5.614937418335049293e-04,1.922829712325821189e-03,3.114554817525170237e-03,1.674931582200173434e-03,3.632928406491975283e-04,3.113783211302268068e-04,1.224983017609193852e-03,6.114283025804690503e-04,-4.317312909918515768e-04,-9.471076288597120090e-04,-2.068445781115938072e-04,6.931366954973733558e-04,-7.749669959224593898e-04,5.038904189716041570e-04,-2.265419421104950296e-04,-2.988215509338601147e-04,2.718879393885150625e-03,1.921447638174662159e-03,9.041799811441071123e-04,-4.594391049202548472e-04,-6.879509678034458888e-04,-3.062758963024529539e-03,-1.131866272208211736e-03,-2.535743402893984692e-03,-5.985247092123860586e-03,-3.792271260371603454e-03,-3.811810577923666499e-03,-1.298251598064688100e-03,6.942868192351760214e-04,-1.536416076867163976e-03,-3.306043576207135220e-03,-2.974718003754081574e-03,-3.246918427028096157e-03,-2.362520520756022403e-03,-2.261017915068509829e-03
1.007726480800244908e-05,-1.144645403055497115e-04,-3.655690645437566200e-04,-3.142488769284153445e-03,-2.466845851587826360e-03,5.201186217819928331e-04,9.255391351580695078e-03,1.895642774636739983e-02,1.550130722284091302e-02,1.266281562941579120e-02,8.343506307133284616e-03,3.275295930894124487e-03,3.912057421084494564e-03,1.757565015863908489e-03,8.843997308636399133e-04,3.779001730247784265e-03,6.099962900283729082e-03,2.929326379992797970e-03,9.097256451781294629e-04,3.709228597010560957e-03,3.768920427074669397e-04,-1.307818027504407477e-03,-6.639561593636211789e-03,-2.902483621178202165e-03,2.379725048234500231e-03,8.970402755323245506e-03,4.803486448317744947e-03,1.882530986588117940e-04,1.723076047784228432e-03,1.086720850635968308e-02,2.269390563387271853e-02,9.209621835486948155e-03,3.976421921102236100e-03,2.441184425427547679e-03,-8.925780091915289094e-03,-3.470879960768017292e-03,1.143433301663330289e-03,1.178596072721981892e-02,1.246927857839674400e-03,7.775113098607798739e-04,7.862023104240290438e-05,-5.304510666127213413e-04,-1.100293104641003562e-03,-1.393236995283429628e-03,-8.066176113970699403e-04,-3.296817176723062571e-04,1.271139777571698125e-03,2.044571941902572233e-03,5.570928407062278580e-04,1.751660340995123133e-04,6.105225125326620974e-04,8.758895847534103277e-04,6.737502662046338355e-04,-1.413347038742200981e-04,-5.128468739642381806e-04,-6.701087446184369936e-05,1.276010059961936623e-03,-2.193776355740470566e-05,2.747326308295180639e-03,1.586193622657632333e-03,2.020249535042045909e-05,-9.068300437951080191e-04,-3.404943589204426687e-03,-5.151190618478795891e-03,-4.020057951053389311e-03,-3.410155434151356142e-03,-2.216638532687398907e-03,-3.035945025612975029e-04,-1.854021672917379338e-03,-5.415846633965726471e-03,-5.853916897589759270e-03,-5.978072768484337003e-03,-4.552756201724204865e-03,-4.631931118749756278e-03,-7.329486777467968985e-03,-7.263462732399261941e-03,-6.932461231174612444e-03,-6.803954501099045149e-03,-4.599803072242468482e-03,-4.386851849932759360e-03
-1.435364477967861316e-04,6.077226693876290869e-04,-5.822840466308913925e-04,-2.470076299868757732e-03,-2.470057171122222624e-03,2.148233953714879900e-03,8.503681937316020720e-03,1.550130722284091302e-02,1.821427384600789873e-02,1.240990734632012663e-02,1.000349658868685508e-02,6.003518966384074548e-03,4.274363224209395615e-03,2.173534184516746036e-03,-3.209681318745371360e-05,5.346902025333222447e-04,2.734105243290047092e-03,6.315764804859231966e-03,4.359522034673827401e-03,3.717957013631292742e-03,-1.570065049581526105e-04,8.562672445945203846e-04,-4.605698326209810116e-03,-4.715729601918898506e-03,-2.753933516305401286e-03,3.346813422803715347e-03,2.622085490562205568e-03,-1.690619368843641424e-04,-1.629501760857096724e-03,5.315309701561368727e-03,1.690406534678825720e-02,7.588746063298135343e-03,4.855196732008154603e-03,3.922432736450638321e-03,-5.199426066384867269e-03,3.161831122544133191e-03,-6.884884215445251018e-04,-4.262999111758240204e-05,4.580989852390791677e-04,1.392826558534055598e-03,1.009042825174630374e-03,-2.260905635569023745e-03,-6.710466183364197090e-03,-5.172462750043248930e-03,-3.282166280574478571e-03,-1.212733437866320586e-03,1.112132877358890234e-03,1.469139610114702848e-03,-1.290132843908529470e-03,-2.874132587630531636e-03,-2.883695532430221361e-03,-2.247170439206520702e-03,-1.279289358118290525e-03,-9.714347560209550102e-04,-3.178596397433089264e-04,-6.527166444343836943e-04,2.896477636535346408e-04,1.537806767557569655e-03,2.984721934821292933e-03,7.152210959080819745e-04,1.238444647638299329e-03,-4.843670501576097069e-03,-1.279048946881547640e-02,-1.294303401026689580e-02,-9.215582644792056494e-03,-6.083180439306772914e-03,-1.984640034373512472e-03,2.794394510603698169e-03,3.191556464608493945e-03,2.037957980179974475e-03,1.718910112403656187e-03,-1.482639201022829464e-03,-4.157020028055758223e-03,-4.351341119930567970e-03,-5.002517326178939489e-03,-3.920607801237623556e-03,-3.269881512345705447e-03,-2.484363653304223502e-03,-1.137815131132020961e-03,-2.288316239244227602e-03
-2.534337800532956227e-04,1.015856703656877000e-03,1.381687326801729924e-03,2.973803988577372864e-04,2.125499334331786092e-03,5.802561191823481929e-03,1.035290336055597234e-02,1.266281562941579120e-02,1.240990734632012663e-02,1.154398454737305853e-02,1.055435596238979423e-02,9.212962482138513029e-03,8.322618525637669185e-03,4.966025542981363644e-03,1.009477843983693857e-03,1.866159789796216972e-03,4.450081077239459448e-03,5.264127046290940221e-03,3.631953252307871041e-03,3.019551544870833007e-03,-6.627527662853873163e-04,2.913476413839174647e-03,-3.871935700756660260e-05,2.841527381456820825e-04,1.577072330067936417e-03,5.477119130783980779e-03,2.350460030791182067e-03,1.995881245972657304e-03,3.893344582105189217e-04,3.380875347850091812e-03,1.209196165784926641e-02,5.970680448869911637e-03,6.495977732740011897e-03,6.610681597050410176e-03,-2.498195104462248677e-03,1.154792464198839061e-03,-1.120096891196718965e-03,9.589189894216627744e-04,-5.559017511641870879e-04,9.060000696087440204e-04,3.838177444251239219e-04,-6.404744486837332142e-04,-2.742364473178448420e-03,-2.449557428814311526e-03,-1.510949808210324333e-03,-6.685041497729067453e-04,8.802474579938185601e-04,1.772441532378938494e-03,3.305195673862768892e-04,-9.259717937601139948e-04,-8.411313229801419336e-04,1.182658131436953829e-04,1.248690189927536588e-04,-5.138873154460881767e-04,-6.779072022980175841e-04,-5.223623037776128301e-04,6.908454090369570188e-04,6.917714754975373822e-04,1.947086786117407714e-03,1.909450751045742683e-05,2.398849941396018800e-04,1.611808666931744208e-04,-3.822059784705282137e-03,-4.962571110862518640e-03,-4.213969503364911953e-03,-3.324576371356508572e-03,-3.130468762506054357e-03,-2.084925590362690217e-03,-3.234719857470763713e-03,-4.316854991413363908e-03,-2.869545465550643864e-03,-3.879150427271753614e-03,-2.731675797766923951e-03,-1.578695143500548218e-03,-3.992489302225795712e-03,-4.811133704762575979e-03,-4.699550371801751100e-03,-4.088805954022267479e-03,-2.687021769245169240e-03,-3.254659080016908054e-03
-4.929808794315148745e-04,2.051896381279928305e-03,2.536600771400547138e-03,2.246640347347221567e-03,4.538224810642873565e-03,8.667996192521837742e-03,9.746344242443706271e-03,8.343506307133284616e-03,1.000349658868685508e-02,1.055435596238979423e-02,1.238340619693090172e-02,1.280856365290330805e-02,1.086872075503974265e-02,7.149908006619335246e-03,6.653128250753395818e-04,1.326117177848930545e-04,2.868609895994020127e-03,5.254422387640169875e-03,3.609568740332263440e-03,1.028869679321624308e-03,-1.481541838379551827e-03,6.261421231840719019e-03,5.215631667725621409e-03,3.450101004227421487e-03,1.361522747551542579e-03,3.105735898166597179e-03,1.084963810606688747e-03,3.167786726709570684e-03,-6.251170602425286426e-04,-7.562289080075717575e-04,6.997826043134036667e-03,5.362151671133550540e-03,8.795376070844060368e-03,9.860519551746285694e-03,1.175135647469906577e-03,2.257207367037688227e-03,-2.277136594475944950e-03,-4.665304536089832574e-03,-2.335704908846052315e-03,8.982347704567465035e-04,6.551231383621431087e-04,2.179190502053615544e-05,-4.052396078309820210e-03,-3.283029582995565260e-03,-2.389314749038478833e-03,-1.498803240289633401e-03,-1.763145038801981247e-04,7.532917609387223060e-04,-1.749553294456440179e-04,-1.940928650515189209e-03,-2.035641134269559373e-03,-4.542376354746851565e-04,-2.046283324426885779e-04,-7.154010008243040074e-04,-7.485680590910711403e-04,-1.019763767201466772e-03,2.902167644824085171e-04,1.765238952841405307e-03,1.790773089860645461e-03,-1.208460800649013411e-03,4.342062582295711588e-04,9.284495319025135984e-04,-4.804787773891551136e-03,-5.748703791110952761e-03,-4.951725850336835370e-03,-3.867004314165246176e-03,-4.090561190720461496e-03,-5.393752114301714716e-03,-6.422227550587235496e-03,-4.107157459992556367e-03,-1.221352040219439959e-03,-2.815768077375405739e-03,-1.615356687998897953e-03,3.741862538142455390e-04,-2.310433025316794425e-03,-3.782825374086245564e-03,-4.116362441131788362e-03,-2.720448473123627826e-03,-1.682202293306958411e-03,-3.037637440702467724e-03
-6.194038576512879120e-04,2.571669566652446705e-03,4.364933296615003920e-03,6.102483996132522515e-03,9.788839267882050443e-03,1.349545904601551563e-02,1.166524064236945137e-02,3.275295930894124487e-03,6.003518966384074548e-03,9.212962482138513029e-03,1.280856365290330805e-02,1.715269943645205200e-02,1.455335544995591673e-02,9.529732736364805029e-03,1.656267834838792826e-03,-6.582699451103662253e-05,2.816554058469874101e-03,7.564607548995451632e-03,6.663672513181015736e-03,1.957548683627927631e-03,-2.211277926136802439e-03,9.201474245421599127e-03,1.019125425634782867e-02,6.279106366833053961e-03,2.207117160240782642e-03,1.440430606115246674e-03,-8.958985701780456268e-04,4.621111275767668045e-03,-5.966497993696445734e-04,-7.064836818798702137e-03,-3.677609137805903494e-03,7.589435377116611004e-04,9.405856855186458740e-03,1.206168473533786312e-02,6.427464251302186446e-03,6.104409974398933812e-03,-4.262270078503320458e-03,-1.221278030734013371e-02,-3.350654319087900419e-03,4.313526237344698618e-04,5.256914886782913061e-04,-1.692327750292788816e-04,-3.176547612136478710e-03,-2.567522664272082252e-03,-1.540964543608409508e-03,-7.278034970895579494e-04,3.889245468313719234e-04,1.514477997541589663e-03,5.563903146779189532e-04,-1.507742899006564137e-03,-1.782856279060626801e-03,3.595083295460389772e-05,-9.967136029944290092e-06,-7.032638147507028637e-04,-8.511775876538288637e-04,-9.260567717927246445e-04,1.755892374939046986e-04,1.465369630276967122e-03,4.696449121978452730e-04,-2.287534187717401874e-03,1.282073147343296094e-04,3.131811851409904354e-03,-8.300769039447510956e-04,-1.603608668793916154e-03,-2.385478037389813372e-03,-2.011434702266237228e-03,-4.317132771690984985e-03,-5.555146113786199602e-03,-6.866176151809197901e-03,-4.878945239587979647e-03,-5.312874967231682099e-04,-1.818870083113529072e-03,1.324802161151692229e-04,3.034952662955688659e-03,4.846622606356687708e-04,-1.946940017220644917e-03,-2.352484035497473622e-03,-1.148579661857396196e-03,-8.167432431977275642e-04,-2.157851597740927194e-03
-4.712469027473373132e-04,1.917766564831145182e-03,3.781819926109876353e-03,4.740435740106968207e-03,8.466052049738957697e-03,1.151404723865011824e-02,1.112027596855939826e-02,3.912057421084494564e-03,4.274363224209395615e-03,8.322618525637669185e-03,1.086872075503974265e-02,1.455335544995591673e-02,1.320639444590976201e-02,8.505797157938426931e-03,1.713822402818454202e-03,1.067716047907171523e-03,3.707219044926237956e-03,5.926135641319902475e-03,5.126780284369179298e-03,1.896662373391381747e-03,-1.646687461166456779e-03,6.869539196971375002e-03,7.812283202847932623e-03,5.697339701235187154e-03,3.449754938008337858e-03,3.332915553205002736e-03,-1.988945374179352642e-04,4.549718053088321404e-03,6.576962640262693123e-04,-4.404435072683218766e-03,-1.678071202897458546e-03,1.094296043195282881e-03,8.396892137383539859e-03,1.048058458567653790e-02,4.837266155147673143e-03,3.735112681004341094e-03,-3.038403206285137260e-03,-7.319060835144219034e-03,-2.354507529974358710e-03,6.225914878532046951e-04,1.296979106800950161e-04,2.596673232525197961e-04,-9.161535478598793790e-04,-1.064761037284395412e-03,-5.655963187546443399e-04,-3.336004221586835305e-04,4.655680265166226906e-04,1.677161105382537695e-03,1.264951937030625237e-03,-2.835797069578783634e-04,-4.414934707709647420e-04,1.084176833761874275e-03,5.885877710551021529e-04,-4.421362888708757705e-04,-9.613117262121966726e-04,-6.715741158941418085e-04,3.804696142806731816e-04,3.977113400674918268e-04,2.442663265342219525e-04,-1.592370102728887316e-03,-2.947703675266324171e-04,4.259583098021409511e-03,2.530903893401003062e-03,1.455273639787252457e-03,-2.574483142084135930e-04,-7.672294333197086967e-04,-4.029651059940815745e-03,-5.864878319318552954e-03,-7.481066765638617368e-03,-6.844585077860216790e-03,-3.052250602802255870e-03,-3.142071708797387723e-03,8.493414421692393589e-05,2.922518253183833958e-03,6.593780640450738111e-05,-2.559829298679474827e-03,-2.911997483277335187e-03,-2.266948130625489558e-03,-1.713839317684374237e-03,-2.339679749436547433e-03
-3.525884461451477686e-04,1.451381578095857494e-03,2.583972601198675830e-03,3.273040793507451651e-03,5.573971582411045220e-03,7.479716741610183822e-03,6.443346687448601486e-03,1.757565015863908489e-03,2.173534184516746036e-03,4.966025542981363644e-03,7.149908006619335246e-03,9.529732736364805029e-03,8.505797157938426931e-03,5.652537452034262465e-03,9.319347876618138500e-04,2.992934882622802798e-04,1.962034468527649490e-03,3.221282156151735430e-03,2.650774141529546601e-03,4.547189745437283824e-04,-1.212790127268253710e-03,5.050719819645264376e-03,6.034496480177150082e-03,4.444571323096692221e-03,2.297859203400415187e-03,1.714333597205543657e-03,-1.977178624107366869e-04,2.978740493383094916e-03,2.413594155176951935e-04,-3.171407916121810142e-03,-1.295923916202973338e-03,9.953247802421166975e-04,5.709758012366719301e-03,7.139472200318431119e-03,3.378787338249442627e-03,1.866648444073772594e-03,-2.005552293267271000e-03,-4.908742724521937030e-03,-1.958916631312808236e-03,2.816800082916210519e-04,1.355191698651321205e-04,5.006085572154824566e-04,-7.781124038970509702e-04,-7.801211853399956774e-04,-5.635778992135131137e-04,-4.848788094711258727e-04,-8.741000297568254451e-05,6.583148190752757161e-04,6.170369462520367476e-04,-3.826959570017221253e-04,-4.823298771868229982e-04,6.024885271334812697e-04,3.549155331845723661e-04,-2.720814756785383602e-04,-5.813214165605838646e-04,-5.343036094665122755e-04,1.979314703862383284e-04,6.172542084393365606e-04,2.296281715819471140e-04,-1.258471166942394743e-03,-1.551009132406470340e-04,2.823943691527757566e-03,1.341764173824627716e-03,6.088352874731258781e-04,-3.864807574554593298e-04,-7.020316937094482710e-04,-2.744619135549151122e-03,-4.784264954702019575e-03,-5.866220958463894304e-03,-4.454918054153789511e-03,-1.798329454551612265e-03,-1.916789244980751736e-03,1.948418741702113294e-04,2.074341275865551702e-03,9.344592596305149824e-05,-1.662540012681423948e-03,-2.052316141164126605e-03,-1.380079790648568953e-03,-1.038823613821913136e-03,-1.627493096309225390e-03
-2.347748513808361505e-05,7.515373286903569800e-05,9.144077809424445025e-04,1.694375832056322414e-03,2.385770629196524908e-03,1.999280294006046919e-03,2.096230531828847596e-03,8.843997308636399133e-04,-3.209681318745371360e-05,1.009477843983693857e-03,6.653128250753395818e-04,1.656267834838792826e-03,1.713822402818454202e-03,9.319347876618138500e-04,9.135527154313788367e-04,1.067512672635546715e-03,1.392610743630606817e-03,1.074997687331220213e-03,1.233378301398843201e-03,1.320243871061951325e-03,-2.441737270613398257e-04,1.013540195271908943e-03,1.104672676256417303e-03,1.154947370184303702e-03,1.578606235450557031e-03,1.165762277308924613e-03,7.393235040387609064e-05,3.940389257056512232e-04,7.748177989155618714e-04,-7.879674039658159709e-04,-1.326336295830836615e-03,-1.115203452551613312e-03,-1.687338641356244919e-05,4.956986100317939967e-04,4.189818021813081065e-04,4.145367107552304581e-04,-6.569382472764400240e-04,-2.928982325666020374e-05,-2.296347581707966425e-04,-5.860691624483442075e-04,-2.077737453176828060e-04,-3.075417334809974207e-06,1.257170767296537884e-03,8.799746235378182223e-04,8.789884426394411945e-04,6.749286695335888217e-04,6.878194031940823919e-04,8.795452957906943698e-04,6.914607091385219619e-04,8.068912940547345652e-04,8.937892339076703363e-04,8.592565551289281511e-04,5.288810560602128213e-04,1.993980456704770208e-04,-2.067096710721508132e-05,2.558505626395209229e-04,3.725123864172673522e-04,-2.900867620678863348e-04,-3.429757697074660872e-04,-1.750437107896870615e-04,-3.515963660400024259e-04,1.304528067103736524e-03,3.034558081933681761e-03,2.583932112024125809e-03,1.628119361435820646e-03,9.690396073471715683e-04,-1.297865300865059743e-04,1.807582169433773992e-04,-5.736684052325470053e-04,-1.978635890046578395e-03,-1.493585889379840789e-03,-8.814805242548313024e-04,7.722984202511299408e-05,2.530912606292173113e-04,-2.435004907812982067e-04,-6.612495668940576677e-04,-6.873410074016702643e-04,-8.706123886641107612e-04,-8.083115298149778395e-04,-5.331214279713306905e-04
9.601190283236720217e-05,-4.604633101603573440e-04,3.993699257124333078e-04,2.176700700863229974e-04,1.001647043946989534e-03,4.404150580334910349e-04,2.763636430902565236e-03,3.779001730247784265e-03,5.346902025333222447e-04,1.866159789796216972e-03,1.326117177848930545e-04,-6.582699451103662253e-05,1.067716047907171523e-03,2.992934882622802798e-04,1.067512672635546715e-03,2.443434309946932673e-03,2.856434166565417852e-03,9.398155143705894565e-05,7.969595454846455150e-05,1.720795062381538310e-03,2.520691866031925894e-04,-1.004585691980667975e-03,-1.626277729183046817e-03,3.346090351723221210e-04,2.873960860892873104e-03,3.789945357636268549e-03,1.245237107909116922e-03,3.298539756861686460e-04,1.988653927775740730e-03,2.723923818309405970e-03,3.162550497165492018e-03,3.222101709015919978e-04,-3.628876224382397275e-04,-5.047071167451266591e-04,-2.014807676761952004e-03,-1.962493525516351405e-03,4.694718472992800051e-04,5.418322051183353284e-03,7.111360835476169748e-04,-3.604933854438362238e-04,-5.132430933809997969e-04,2.828370435820901693e-04,2.925580987201125208e-03,1.910712223359589028e-03,1.558643390861805342e-03,9.468639161821482044e-04,9.022814042011176750e-04,1.252819059063254789e-03,1.315160059824122549e-03,1.805417993394896640e-03,2.044797891761160682e-03,1.803396550163689424e-03,1.093088742990955091e-03,3.966071387553434164e-04,-1.631570595790634540e-04,4.550782454857576803e-04,7.011454353929473049e-04,-1.126264975213030640e-03,-1.721182469681030534e-04,5.768210808371810640e-04,-6.860684849322926365e-04,2.070427980470730765e-03,5.274343220637196794e-03,4.357646348082275418e-03,2.814972797296496840e-03,1.527390724713235601e-03,-1.623774190647196464e-04,-9.823602454600501195e-05,-1.297495961308162702e-03,-4.211471823832386475e-03,-4.235265738176671908e-03,-2.682671755546265930e-03,-5.403686764467512072e-04,-4.473347045469572032e-04,-1.526107614988698059e-03,-2.075875840589954443e-03,-2.022801576702109097e-03,-2.626929896747014388e-03,-2.109674425621461871e-03,-1.240401847555951120e-03
4.379421858941379116e-06,-8.925772210469979555e-05,1.029119290067430142e-03,7.645480312844382415e-04,2.216000938786640093e-03,2.491605240202632559e-03,5.411837293605311142e-03,6.099962900283729082e-03,2.734105243290047092e-03,4.450081077239459448e-03,2.868609895994020127e-03,2.816554058469874101e-03,3.707219044926237956e-03,1.962034468527649490e-03,1.392610743630606817e-03,2.856434166565417852e-03,3.939173540575760177e-03,1.341387954292942502e-03,9.797554278530760073e-04,2.256667498065172833e-03,-3.008187444647605346e-05,1.966314719282289802e-04,-7.207833509383325529e-04,1.129961636641643556e-03,3.606573905163840219e-03,5.047400962791595211e-03,1.629846002393271027e-03,1.125633541866213156e-03,2.167595685603961216e-03,2.876044497545380673e-03,4.968234557406013899e-03,1.447428333478380496e-03,1.537501099480783565e-03,1.626314746354520519e-03,-1.947700166983874987e-03,-1.644828250399653791e-03,1.881397541443151136e-05,5.066614897289010988e-03,3.338598496772590967e-04,-1.865662090285464679e-04,-4.544443284688618931e-04,3.058314267700890554e-04,2.511252518035588660e-03,1.496934609176797442e-03,1.292799121153002419e-03,7.854325924194285879e-04,1.026425904887223609e-03,1.644381821802763308e-03,1.509360064005572932e-03,1.673746739706833807e-03,1.920685962818578004e-03,1.992908680106287526e-03,1.215810522764770385e-03,2.930019770940341908e-04,-3.666065189670597081e-04,3.014620951280855927e-04,8.626223653777422310e-04,-9.591106705894612361e-04,1.610767622098981306e-04,4.014888534566878379e-04,-7.027300684786795841e-04,2.642177110792069423e-03,5.120735594088856625e-03,3.873286331653517673e-03,2.225517622579420082e-03,9.643164770210706487e-04,-1.092231050399407669e-03,-1.264462530136062487e-03,-2.860647300155701091e-03,-5.771392371786531438e-03,-5.149978474510214475e-03,-3.698176190473132993e-03,-9.409088252535966444e-04,-3.632881565145124189e-04,-2.182111379012782997e-03,-3.164869421953193148e-03,-3.164968449060265743e-03,-3.582934073067955624e-03,-2.773518632488062349e-03,-2.053090750665758323e-03
-1.219652775937940634e-04,4.981146829609102867e-04,1.141826391663173113e-03,2.218358301431357874e-03,3.733293692326458690e-03,6.092931206956048867e-03,7.358306697068868127e-03,2.929326379992797970e-03,6.315764804859231966e-03,5.264127046290940221e-03,5.254422387640169875e-03,7.564607548995451632e-03,5.926135641319902475e-03,3.221282156151735430e-03,1.074997687331220213e-03,9.398155143705894565e-05,1.341387954292942502e-03,7.347801242100326057e-03,7.293285300698134840e-03,4.242372637509615740e-03,-5.707558434491205980e-04,2.375946151023208136e-03,1.063050451425485597e-03,-1.524021986401378082e-03,-1.858822683336570913e-03,-4.384482840633872067e-04,-1.141315725843674179e-03,1.317106030412796159e-03,-1.120244729193911257e-03,-4.367107397820997779e-03,-3.661473764767947045e-03,-1.976043528774526145e-03,2.642938236738435337e-03,3.723301313723897596e-03,3.247891585446087588e-03,8.084925110182357780e-03,-2.573633537819931035e-03,-9.998331843029898552e-03,2.996793194269206390e-05,7.370683830771439108e-04,4.475145637965728890e-04,-2.366540497406390692e-03,-3.192544963060375655e-03,-2.423228239200411142e-03,-8.882295760366393234e-04,5.279097176938742910e-04,1.834001934252746813e-03,2.198899658783238283e-03,1.446639122989787189e-04,-1.213546436952604116e-03,-1.526510166433222042e-03,-1.091249517077475103e-03,-8.270628516715538550e-04,-6.963327298784340860e-04,-3.359677317492785792e-04,-1.673785551099314466e-04,-1.487625084101334744e-04,-6.959079575313279668e-05,-2.698747723464460198e-05,-4.202528264722569249e-04,4.884633217407559607e-04,-1.082664210504006913e-03,-3.603000337124695647e-03,-3.010380312854082484e-03,-2.499583414877399028e-03,-1.179820398129339870e-03,-8.648055472167305449e-04,3.867346672448272217e-03,4.370756894319113503e-03,1.966030112244856326e-03,2.868187253763605522e-03,1.091365503300669761e-03,-3.711325254931583566e-04,4.055377325200606987e-04,1.005286350153756668e-03,8.690785068126189068e-04,1.538962508506155425e-03,1.288564798860506247e-03,1.045906087802944478e-03,6.121773191362987580e-04
-7.297127954804432986e-05,2.920705503257890225e-04,1.149379355401624215e-03,2.732504690424774826e-03,4.198147172002594622e-03,5.898400083259572671e-03,6.527874083538402240e-03,9.097256451781294629e-04,4.359522034673827401e-03,3.631953252307871041e-03,3.609568740332263440e-03,6.663672513181015736e-03,5.126780284369179298e-03,2.650774141529546601e-03,1.233378301398843201e-03,7.969595454846455150e-05,9.797554278530760073e-04,7.293285300698134840e-03,7.637713109046262439e-03,4.501328136595673761e-03,-5.056443694212796715e-04,2.071612434122229937e-03,1.205264377502316461e-03,-1.605691358182465044e-03,-1.961965368614069800e-03,-1.227115725013421454e-03,-1.704586016346308760e-03,1.103215834386628855e-03,-1.051772299571406824e-03,-5.586831011838760443e-03,-6.842266341444179847e-03,-3.776390182823381129e-03,1.421322331768915329e-03,2.682706463235599598e-03,4.106791267059740035e-03,8.782120441708375636e-03,-2.712319343048232544e-03,-1.103123324484257990e-02,1.994964223603523830e-04,4.898235518079731374e-04,3.374927880777376711e-04,-2.518395796940977281e-03,-2.512881263065471979e-03,-1.861099704608900913e-03,-3.671556725629573979e-04,9.571341374798172453e-04,2.079934875089287354e-03,2.346803286212022568e-03,3.173988873891927121e-04,-8.627319203943341428e-04,-1.199478118190879308e-03,-9.633324154191068951e-04,-7.820919403601876707e-04,-5.998873064753775311e-04,-2.375726333874064288e-04,2.054601402489914446e-05,-2.011788877770162522e-04,-3.906654132454824308e-04,-5.517256857198926320e-04,-4.499305294091122758e-04,3.793148031915272384e-04,-8.863353309153098334e-04,-2.239407595440176448e-03,-1.460024645945089388e-03,-1.341610094437485851e-03,-2.719705833020991267e-04,-2.756586993218002523e-04,4.934830493083753808e-03,5.542065494993950875e-03,2.545570706635814136e-03,3.294302153095046010e-03,1.752334201311293730e-03,1.639031545334488824e-04,7.975850318993619103e-04,1.867545396660562655e-03,1.798279362462209185e-03,2.537237724345538323e-03,2.022645001637703860e-03,1.481191227460737503e-03,1.248267468779697522e-03
